<?xml version="1.0"?>
<opencv_storage>
<classifications type_id="opencv-matrix">
  <rows>1138</rows>
  <cols>1</cols>
  <dt>i</dt>
  <data>
    77 77 77 77 77 77 77 76 76 76 76 75 75 75 75 75 75 75 75 73 73 72 72
    72 72 71 71 71 71 70 70 70 70 69 69 69 69 68 68 68 68 67 67 67 67 67
    67 67 67 66 66 66 66 65 65 65 65 65 65 65 65 65 65 65 65 65 85 85 85
    85 85 85 85 85 85 85 85 85 85 85 85 85 85 85 85 85 85 85 85 85 76 76
    76 76 76 76 76 76 76 76 76 76 76 76 76 76 76 76 76 69 69 69 69 69 69
    69 69 69 69 69 69 69 69 69 69 69 69 69 69 69 69 69 75 75 75 75 75 75
    75 75 75 75 75 75 75 75 75 75 75 75 75 75 75 75 75 75 69 69 69 69 69
    69 69 69 69 69 69 69 69 69 69 69 69 69 69 69 69 69 69 69 88 88 88 88
    88 88 88 88 88 88 88 88 88 88 88 88 88 88 88 88 88 88 88 88 88 88 88
    89 89 89 89 89 89 89 89 89 89 89 89 89 89 89 89 89 89 89 89 89 89 89
    89 87 87 87 87 87 87 87 87 87 87 87 87 87 87 87 87 87 87 87 87 87 87
    87 87 87 87 87 87 90 90 90 90 90 90 90 90 90 90 90 90 90 90 90 90 90
    90 90 90 90 90 90 90 90 90 90 90 90 90 90 90 90 90 90 90 90 90 90 90
    90 90 90 90 90 90 90 90 90 90 90 90 90 90 90 90 90 90 90 90 90 90 90
    90 90 90 90 90 90 90 90 90 90 87 87 87 87 87 87 87 87 87 87 87 87 87
    87 87 87 87 87 87 87 87 87 87 87 75 75 75 75 75 75 75 75 75 75 75 75
    75 75 75 75 75 75 75 75 75 75 75 75 75 75 75 75 75 75 75 75 75 75 75
    69 69 69 69 69 69 69 69 69 69 69 69 69 69 69 69 69 69 69 69 69 69 69
    69 69 69 69 69 69 69 69 69 69 69 69 69 69 69 69 69 69 69 69 69 69 69
    69 69 69 69 69 69 69 69 85 85 85 85 85 85 85 85 85 85 85 85 85 85 85
    85 85 85 85 85 85 85 85 85 85 85 85 85 85 85 85 85 85 85 85 85 85 85
    85 85 85 90 90 90 90 90 90 90 90 90 90 90 90 90 90 90 90 90 90 90 90
    90 90 90 90 90 90 90 90 90 90 90 90 89 88 87 86 85 89 88 87 86 85 84
    83 79 80 79 82 83 78 80 81 79 77 77 76 75 74 75 72 71 67 70 69 68 66
    65 67 90 89 88 87 86 85 84 82 80 78 77 75 74 72 70 69 68 66 65 83 81
    79 71 67 90 89 88 87 86 85 84 82 80 78 77 76 75 74 73 72 70 69 68 66
    65 83 81 79 71 67 90 89 88 87 86 85 84 82 80 78 77 75 74 73 72 70 69
    68 66 65 83 81 79 71 67 90 90 90 90 90 90 90 90 90 90 90 90 90 90 90
    90 90 90 90 90 90 90 90 90 90 90 90 90 90 90 90 90 90 90 90 90 90 90
    90 90 90 90 90 90 90 90 90 90 90 69 76 85 75 90 89 88 87 66 68 75 74
    72 65 65 65 65 65 65 65 65 65 65 65 65 65 65 65 65 65 65 65 65 65 65
    65 65 65 65 66 66 66 66 66 66 66 66 66 66 66 66 66 66 66 66 66 66 66
    66 66 66 66 66 66 66 66 66 66 66 66 66 66 66 66 67 67 67 67 67 67 67
    67 67 67 67 67 67 67 67 67 67 67 67 67 67 67 67 67 67 67 67 67 67 67
    67 67 67 67 67 67 67 67 67 68 68 68 68 68 68 68 68 68 68 68 68 68 68
    68 68 68 68 68 68 68 68 68 68 68 68 68 68 68 69 69 69 69 69 69 69 69
    69 69 69 69 69 69 69 69 69 69 70 70 70 70 70 70 70 70 70 70 70 70 70
    70 70 70 70 70 70 70 71 71 71 71 71 71 72 72 72 72 72 72 72 72 72 72
    72 72 72 72 72 72 72 72 72 90 89 88 87 66 67 65 68 69 85 76 85 69 75
    76 85 76 69 75 76 75 85 69 69 78 78 65 73 67 82 65 65 83 77 79 69 75
    85 76 65 65 77 83 79 73 73 73 73 73 73 73 73 73 73 73 73 73 73 73 73
    73 73 73 73 74 74 74 74 74 74 74 74 74 74 74 74 74 74 74 74 74 74 74
    74 74 74 74 74 74 74 74 74 74 74 74 75 75 75 75 75 75 75 75 75 75 75
    75 75 75 75 75 75 75 75 75 75 75 75 75 75 75 75 75 75 75 75 69 76 75
    85 79 79 79 79 79 79 79 79 79 79 79 79 79 79 79 79 79 79 79 79 79 79
    79 79 79 79 82 82 82 82 82 82 82 82 82 82 82 82 82 82 82 82 82 82 82
    82 82 82 82 82 82 82 82 82 83 83 83 83 83 83 83 83 83 83 83 83 83 83
    83 83 83 83 83 83 83 83 83 83 83 83 83 83 83 83 83 83 83 83 83 83 83
    83 83 84 84 84 84 84 84 84 84 84 84 84 84 84 84 84 84 84 84 84 84 84
    84 85 85 85 85 85 65 65 77 83 79</data></classifications>
</opencv_storage>
