<?xml version="1.0"?>
<opencv_storage>
<classifications type_id="opencv-matrix">
  <rows>4827</rows>
  <cols>1</cols>
  <dt>i</dt>
  <data>
    65 65 65 65 65 65 65 65 65 65 66 66 66 66 66 66 66 66 66 66 66 66 66
    67 67 67 67 67 67 67 67 67 67 68 68 68 68 68 68 68 68 68 68 68 69 69
    69 69 69 69 69 69 70 70 70 70 70 70 70 70 70 70 71 71 71 71 71 71 71
    71 71 71 72 72 72 72 72 72 72 72 72 72 73 73 73 73 73 73 73 73 73 74
    74 74 74 74 74 74 74 74 74 75 75 75 75 75 75 75 75 75 75 76 76 76 76
    76 76 76 76 76 76 77 77 77 77 77 77 77 77 77 77 78 78 78 78 78 78 78
    78 78 78 79 79 79 79 79 79 79 79 79 79 80 80 80 80 80 80 80 80 80 81
    81 81 81 81 81 81 81 81 81 82 82 82 82 82 82 82 82 82 82 83 83 83 83
    83 83 83 83 83 83 84 84 84 84 84 84 84 84 84 85 85 85 85 85 85 85 85
    85 86 86 86 86 86 86 86 86 86 87 87 87 87 87 87 87 87 87 87 88 88 88
    88 88 88 88 88 88 88 89 89 89 89 89 89 89 89 89 89 90 90 90 90 90 90
    90 90 90 90 65 65 65 65 65 65 65 65 65 65 65 65 65 65 65 65 65 65 65
    65 65 65 65 65 65 65 65 65 65 65 65 65 65 66 66 66 66 66 66 66 66 66
    66 66 66 66 66 66 66 66 66 66 66 66 66 66 66 66 66 66 66 68 68 68 68
    68 68 68 68 68 68 68 68 68 68 68 68 68 68 68 68 68 68 68 68 68 68 68
    68 68 68 68 68 68 68 68 68 68 68 68 68 69 69 69 69 69 69 69 69 69 69
    69 69 69 69 69 69 69 69 69 69 69 69 69 69 69 69 69 69 69 69 69 69 69
    69 69 69 69 69 69 69 69 69 69 69 69 69 69 69 69 69 69 69 69 69 69 69
    69 69 69 69 69 69 69 69 69 69 69 69 69 69 69 69 69 69 69 69 69 69 69
    69 69 69 69 69 69 69 69 69 69 69 69 69 69 69 69 69 69 69 69 69 69 69
    69 69 69 69 69 69 69 69 77 77 77 77 77 77 77 77 77 77 77 77 77 77 77
    77 77 77 77 77 77 77 77 77 77 77 77 77 77 77 77 77 77 77 77 77 77 77
    77 77 77 77 77 78 78 78 78 78 78 78 78 78 78 78 78 78 78 78 78 78 78
    78 78 78 78 78 78 78 78 78 78 78 78 78 78 78 78 78 78 78 78 78 78 78
    78 78 78 78 78 78 79 79 79 79 79 79 79 79 79 79 79 79 79 79 79 79 80
    80 80 80 80 80 80 80 80 80 80 80 80 80 80 80 80 80 80 80 80 80 80 80
    80 80 80 80 80 80 80 80 80 80 80 80 80 80 80 80 80 80 80 80 80 80 80
    80 80 80 81 81 81 81 81 81 81 81 81 81 81 81 81 81 81 81 81 81 81 81
    81 81 81 81 81 81 81 81 81 81 81 81 81 81 81 81 81 81 81 87 87 87 87
    87 87 87 87 87 87 87 87 87 87 87 87 87 87 87 87 87 87 87 87 87 87 87
    87 87 87 87 87 87 87 87 87 87 87 87 87 87 87 87 87 89 89 89 89 89 89
    89 89 89 89 89 89 89 89 89 89 89 89 89 89 89 89 89 89 89 89 89 89 89
    89 89 89 89 89 89 89 89 89 89 89 89 89 89 89 89 89 89 89 89 89 89 89
    89 89 89 89 89 89 89 89 89 89 89 89 73 73 73 73 73 73 73 73 73 84 73
    73 73 73 73 73 73 73 73 73 73 73 84 73 73 73 73 73 73 84 73 73 73 73
    73 73 73 88 88 88 88 88 88 88 88 88 88 88 88 88 88 88 88 88 88 88 88
    88 88 88 88 88 88 88 88 88 88 88 88 88 88 88 88 88 82 82 82 82 82 82
    82 82 82 82 82 82 82 82 82 82 82 82 82 82 82 82 82 82 82 82 82 82 82
    82 82 82 70 70 70 70 70 70 70 70 70 70 70 70 70 70 70 70 70 70 70 70
    70 70 70 70 70 70 70 70 70 70 70 70 70 70 70 66 66 66 66 66 66 66 66
    66 66 66 66 66 66 66 66 66 66 66 66 66 66 66 66 66 66 66 66 66 66 66
    66 66 66 66 66 66 66 66 66 66 66 66 66 66 66 66 66 66 66 73 73 73 73
    73 73 73 73 73 73 73 73 73 73 73 73 73 73 73 73 73 73 73 73 73 73 73
    73 73 73 73 73 73 73 73 73 73 73 73 73 73 73 73 73 73 73 73 73 73 73
    73 73 73 73 73 73 73 84 84 84 84 84 84 84 84 84 84 84 84 84 84 84 84
    84 84 84 84 84 84 84 84 84 84 84 84 84 84 84 84 84 84 84 84 84 84 84
    84 84 84 84 66 66 66 66 66 66 66 66 66 66 66 66 66 66 66 66 66 66 66
    66 66 66 66 66 66 66 66 66 66 66 66 66 66 66 66 66 66 66 66 66 66 66
    66 66 66 66 66 66 66 66 66 66 66 66 66 66 66 66 66 66 66 66 66 66 66
    66 66 66 66 66 66 66 66 66 66 66 66 66 66 66 66 66 66 66 66 66 66 66
    66 66 66 68 68 68 68 68 68 68 68 68 68 68 68 68 68 68 68 68 68 68 68
    68 68 68 68 68 68 68 68 68 68 68 68 68 68 68 68 68 68 68 68 68 68 68
    68 68 68 68 68 68 68 68 68 68 68 68 68 68 74 74 74 74 74 74 74 74 74
    74 74 74 74 74 74 74 74 74 74 74 74 74 74 74 74 74 74 74 74 74 74 74
    74 74 74 74 74 74 74 74 68 68 68 68 68 68 68 68 68 68 68 68 68 68 68
    68 68 68 68 68 68 68 68 68 68 68 68 68 68 68 68 68 68 68 68 68 68 68
    68 68 68 68 68 68 68 68 68 79 79 79 79 79 79 79 79 79 79 79 79 79 79
    79 79 79 79 79 79 79 79 79 79 79 79 79 79 79 79 79 79 79 79 79 79 79
    79 79 79 79 79 79 79 79 79 79 79 79 79 85 85 85 85 85 85 85 85 85 85
    86 85 85 85 85 85 85 85 85 85 85 85 85 85 85 85 85 85 85 85 85 85 85
    85 85 85 85 85 85 85 85 85 85 85 85 85 85 85 85 85 85 85 67 67 67 67
    67 67 67 67 67 67 67 67 67 67 67 67 67 67 67 67 67 67 67 67 67 67 67
    67 67 67 67 67 67 67 67 67 67 67 67 67 67 67 67 67 67 67 75 75 75 75
    75 75 75 75 75 75 75 75 75 75 75 75 75 75 75 75 75 75 75 75 75 75 75
    75 75 75 75 75 75 75 75 75 75 90 90 90 90 90 90 90 90 90 90 90 90 90
    90 90 90 90 90 90 90 90 90 90 90 90 90 90 90 90 90 90 90 90 90 90 66
    66 66 66 66 66 66 66 66 66 66 66 66 66 66 66 66 66 66 66 66 66 66 66
    66 66 66 66 66 66 66 66 66 66 66 66 66 66 66 66 66 66 66 82 82 82 82
    82 82 82 82 82 82 82 82 82 82 82 82 82 82 82 82 82 82 82 82 82 82 82
    82 82 82 82 82 82 82 82 82 82 82 82 82 82 82 82 82 82 82 82 82 82 82
    79 87 78 82 66 66 66 66 66 66 66 66 66 66 66 66 66 66 66 66 66 66 66
    66 66 66 66 66 66 66 66 66 66 66 66 66 66 66 66 66 66 66 66 66 66 66
    84 84 84 84 84 84 84 84 84 84 84 84 84 84 84 84 84 84 84 84 84 84 84
    84 84 84 84 84 84 84 84 84 84 84 84 84 84 84 84 84 84 84 84 84 84 84
    84 84 84 84 84 84 84 84 84 84 84 84 84 88 88 88 88 88 88 88 88 88 88
    88 88 88 88 88 88 88 88 88 88 88 88 88 88 88 88 88 88 88 88 88 88 88
    88 88 88 88 88 88 88 88 88 88 88 88 88 88 88 88 88 88 88 88 88 88 88
    74 74 74 74 74 74 74 74 74 74 74 74 74 74 74 74 74 74 74 74 74 74 74
    74 74 74 74 74 74 74 74 74 74 74 74 74 74 74 74 74 74 74 74 74 74 74
    74 74 72 72 72 72 72 72 72 72 72 72 72 72 72 72 72 72 72 72 72 72 72
    72 72 72 72 72 72 72 72 72 72 72 72 72 72 72 72 72 72 72 72 72 72 72
    72 72 89 89 89 89 89 89 89 89 89 89 89 89 89 89 89 89 89 89 89 89 89
    89 89 89 89 89 89 89 89 89 89 89 89 89 89 89 89 89 89 89 89 89 89 89
    89 89 89 89 89 89 89 89 89 89 89 89 89 89 89 89 89 89 89 89 89 89 89
    89 89 89 89 89 89 89 89 89 89 89 89 75 75 75 75 75 75 75 75 75 75 75
    75 75 75 75 75 75 75 75 75 75 75 75 75 75 75 75 75 75 75 75 75 75 75
    75 75 75 75 75 75 75 75 75 75 75 75 75 75 75 75 75 75 75 75 75 75 75
    75 87 87 87 87 87 87 87 87 87 87 87 87 87 87 87 87 87 87 87 87 87 87
    87 87 87 87 87 87 87 87 87 87 87 87 87 87 87 87 87 87 87 87 87 87 87
    87 87 87 87 87 87 87 87 87 87 87 87 87 87 87 87 87 87 87 87 81 81 81
    81 81 81 81 81 81 81 81 81 81 81 81 81 81 81 81 81 81 81 81 81 81 81
    81 81 81 81 81 81 81 81 81 81 81 81 81 87 87 87 87 87 87 87 87 87 87
    87 87 87 87 87 87 87 87 87 87 87 87 87 87 87 87 87 87 87 87 87 87 87
    87 87 87 87 87 87 87 87 87 87 87 87 87 87 87 87 87 87 87 87 87 87 87
    87 87 87 87 87 87 87 87 66 66 66 66 66 66 66 66 66 66 66 66 66 66 66
    66 66 66 66 66 66 66 66 66 66 66 66 66 66 66 66 66 66 66 66 66 66 66
    66 66 66 66 66 68 68 68 68 68 68 68 68 68 68 68 68 68 68 68 68 68 68
    68 68 68 68 68 68 68 68 68 68 68 68 68 68 68 68 68 68 68 68 68 68 68
    68 68 68 68 68 68 68 68 68 68 68 68 68 68 68 68 68 68 68 68 68 68 68
    68 68 68 68 68 68 68 68 68 68 68 68 68 68 68 68 68 68 68 68 68 68 68
    68 68 68 68 68 68 68 68 68 68 68 68 68 68 68 68 68 68 69 69 69 69 69
    69 69 69 69 69 69 69 69 69 69 69 69 69 69 69 69 69 69 69 69 69 69 69
    69 69 69 69 69 69 69 69 69 69 69 69 69 69 69 69 69 69 69 69 69 69 69
    69 69 69 69 69 69 69 69 69 69 69 69 69 69 69 69 69 69 69 69 74 74 74
    74 74 74 74 74 74 74 74 74 74 74 74 74 74 74 74 74 74 74 74 74 74 74
    74 74 74 74 74 74 74 74 74 74 74 74 74 74 79 79 79 79 79 79 79 79 79
    79 79 79 79 79 79 79 79 79 79 79 79 79 79 79 79 79 79 79 79 79 79 79
